Webots Project File version R2022a
perspectives: 000000ff00000000fd000000020000000100000146000002b8fc0200000002fb0000001400540065007800740045006400690074006f00720100000016000001a90000008700fffffffb0000001a0043006f006e0073006f006c00650041006c006c0041006c006c01000001c10000010d0000003900ffffff0000000200000303000000a0fc0100000001fb0000001e00480074006d006c0052006f0062006f007400570069006e0064006f007702000000250000008600000280000001ab000003b8000002b800000001000000020000000100000008fc00000000
simulationViewPerspectives: 000000ff0000000100000002000000fa000001110100000002010000000100
sceneTreePerspectives: 000000ff0000000100000002000000c0000000fa0100000002010000000200
minimizedPerspectives: 000000ff00000000fd0000000200000000000001a8000001f9fc0100000001fb0000001e00480074006d006c0052006f0062006f007400570069006e0064006f00770100000000000001a80000006900ffffff0000000100000077000001f9fc0200000002fb0000001400540065007800740045006400690074006f00720100000016000001350000008700fffffffb0000001a0043006f006e0073006f006c00650041006c006c0041006c006c010000014d000000c20000003900ffffff0000019d000001f900000001000000020000000100000008fc00000000
maximizedDockId: -1
centralWidgetVisible: 1
renderingMode: PLAIN
orthographicViewHeight: 1
textFiles: 0 "controllers/player_controller/player_controller.cpp"
globalOptionalRendering: CoordinateSystem
consoles: Console:All:All
renderingDevicePerspectives: 0:CameraBottom;1;0.266667;0;0
renderingDevicePerspectives: 0:CameraTop;1;0.266667;0;0
renderingDevicePerspectives: 1:CameraBottom;1;1;0;0
renderingDevicePerspectives: 1:CameraTop;1;1;0;0
renderingDevicePerspectives: 2:CameraBottom;1;1;0;0
renderingDevicePerspectives: 2:CameraTop;1;1;0;0
renderingDevicePerspectives: 3:CameraBottom;1;1;0;0
renderingDevicePerspectives: 3:CameraTop;1;1;0;0
renderingDevicePerspectives: 4:CameraBottom;1;0.266667;0;0
renderingDevicePerspectives: 4:CameraTop;1;0.266667;0;0
renderingDevicePerspectives: 5:CameraBottom;1;1;0;0
renderingDevicePerspectives: 5:CameraTop;1;1;0;0
renderingDevicePerspectives: 6:CameraBottom;1;1;0;0
renderingDevicePerspectives: 6:CameraTop;1;1;0;0
renderingDevicePerspectives: 7:CameraBottom;1;1;0;0
renderingDevicePerspectives: 7:CameraTop;1;1;0;0
renderingDevicePerspectives: NAO(1):CameraBottom;1;0.266667;0;0
renderingDevicePerspectives: NAO(1):CameraTop;1;0.266667;0;0
renderingDevicePerspectives: NAO(2):CameraBottom;1;1;0;0
renderingDevicePerspectives: NAO(2):CameraTop;1;1;0;0
renderingDevicePerspectives: NAO(3):CameraBottom;1;1;0;0
renderingDevicePerspectives: NAO(3):CameraTop;1;1;0;0
renderingDevicePerspectives: NAO(4):CameraBottom;1;1;0;0
renderingDevicePerspectives: NAO(4):CameraTop;1;1;0;0
renderingDevicePerspectives: NAO(5):CameraBottom;1;1;0;0
renderingDevicePerspectives: NAO(5):CameraTop;1;1;0;0
renderingDevicePerspectives: NAO(6):CameraBottom;1;1;0;0
renderingDevicePerspectives: NAO(6):CameraTop;1;1;0;0
renderingDevicePerspectives: NAO(7):CameraBottom;1;1;0;0
renderingDevicePerspectives: NAO(7):CameraTop;1;1;0;0
renderingDevicePerspectives: NAO1:CameraBottom;1;0.266667;0;0
renderingDevicePerspectives: NAO1:CameraTop;1;0.266667;0;0
